Webots Project File version R2025a
perspectives: 000000ff00000000fd0000000300000000000001ca0000039ffc0200000001fb00000012005300630065006e0065005400720065006501000000000000039f0000000000000000000000010000015000000379fc0200000002fb0000001a0043006f006e0073006f006c00650041006c006c0041006c006c0100000000000003790000003900fffffffc000001cc000001ca0000000000fffffffa000000010100000003fb0000001400540065007800740045006400690074006f007200000003ae0000023a0000008700fffffffb0000001a0043006f006e0073006f006c00650041006c006c0041006c006c0100000000ffffffff0000000000000000fb0000001a0043006f006e0073006f006c00650041006c006c0041006c006c0100000000ffffffff000000000000000000000003000005e8000000dafc0100000001fb0000000e0043006f006e0073006f006c006501000001d0000005b00000000000000000000004960000037900000004000000040000000100000008fc00000000
simulationViewPerspectives: 000000ff00000001000000020000016c000004a00100000002010000000101
sceneTreePerspectives: 000000ff00000001000000030000001e00000359000000fa0100000002010000000201
maximizedDockId: -1
centralWidgetVisible: 1
orthographicViewHeight: 1
textFiles: -1
consoles: Console:All:All
renderingDevicePerspectives: HamBot:User Display;0;0.609375;0;0
renderingDevicePerspectives: HamBot:camera;1;0.296875;0;0
